0000000000000000000000000000000000000000000000000
0000000000000000000000000000000000000000000000000
0001111111111111111111111111111111100000000000000
1010000000000000000000000000000000000000000000000
0000000000000000000000000000000000001010000000000
0000000000000000000000000000000000000000000000000
0000000000000000000000000000000000000000000000000
0000000000000000000000000000000000000000000000000
0000000000000000000000000000000000000000000000000
0000000000000000000000000000000000000000000000000
0000000000000000000000000000000000000000000000000
0000000000000000000000000000000000000000000000000
0000000000000000000000000000000000000000000000000
0000000000000000000000000000000000000000000000000
0000000000000000000000000000000000000000000000000
0000000000000000000000000000000000000000000000000
0010000000000000000000000000000000000000000100000
0010000000000000000000000000000000000000000000000
0010000000000000000000000000000000000000000000101
0010000000000000000000000000000000000000000000000
