0000000000000000000001010010111110000000000000000
0000111010001110000000000000000000000000000000000
0000000000000000000000000000000000000000000000000
0000000000000001101010111000000010000000000000000
0000000000000000000000000000000010000000000000000
0000000000000000000000000000000010000000000000000
0000000011100000000000000000000010000000000000000
0000000000000000000000000000000010000000000000000
0000000000100000001000000110100000000000000000000
0000000000100000001000000000000000000000000000000
0000000000100000001000000000000000000000000000000
0000000000100000001000000000000000000000000000000
0000000000000000000000000000000000000000000000000
0000000000000000000000000000000000000000000000000
0000000000000000000000000000000000000000000000000
0000000000000000000000000000000000000000000000000
0000000000000000000000000000000000000000000000000
0000000000000000000000000000000000000000000000000
0000000000000000000000000000000000000000000000000
