1111000000000000000000000000000000000000000000001
1000000000000000000000000000000000000000000000001
1000000000000000000000000000000000000000000000000
0000000000000000000000000100000000000000000000000
1000000000000000000000000000000000000000000000000
0000000000000000000000000000000000000000000000000
1000000000000000000000000000000000000000000000000
1000000000000000000000000000000000000000000000000
1000000000000000000000000000000000000000000000000
1000000000000000000000000000000000000000000000000
1000000000000000000000000000000000000000000000000
1000000000000000000000000000000000000000000000000
1000000000000000000000000000000000000000000000000
1000000000000000000000000000000000000000000000000
1000000000000000000000000000000000000000000000000
1000000000000000000000000000000000000000000000000
1000000000000000000000000000000000000000000000000
1000000000000000000000000000000000000000000000000
0000000000000010000000000010000100000010010000001
0000000000000000000000000000000000000000000000000
